 16 20 13 24 19  3 12  7 25 21  8  5  6 17  2  9 18 11 10  4 22  1 15 23 14
 12 22 21 10 17  4 13  5 24 18  9 20 19 11 15 14  1 16 25 23  6  7  8  2  3
  9 23  5  7 12  6 11  8 17 22  2 14 10  4  1 21 15 19 13  3 20 18 25 16 24
  8 25 15  1 18  2 14  9 16 20  3 23  7 22 13 12  6 17  5 24  4 21 11 19 10
 25  4 11  6 16 10 15  1 23 19 14  3 21 24 18  7 20  2 22  8  5 17  9 13 12
  6  5 24 17 15 13  1 16  3  9 12 11 25  8 22  4 23 14  7  2 18 19 10 20 21
 21 16 25 22 23 14 19 15 10  4  6 24 18 12 20  1  3 13 17 11  7  8  5  9  2
 13 18 19 21 11 12 17 25  2  7 10  1 23 15  5 20  8 24  9  6  3 14 22  4 16
  3  9  7 13  8 22 21 23  6 24 20  4 14  2 16 10 25  5 18 19 15 12 17 11  1
 10  2  3 14  4  5  8 18 20 11  1 19  9  7 17 15 16 12 21 22 24 25 23  6 13
 18 13 22  9 20 11  5 21  4  3  7  2 12 14 10 19 24  8 16 25 23  6  1 15 17
  5  3 10  2  1 17 25 24  7 15 21 16 13 23  8 22  4 20  6 12  9 11 18 14 19
 11 12 14 15  5 19  6 22  8 23 18 17 20 21  4 13  2  3  1  9 16 24  7 10 25
  7 17  6 23 24 16 10 13  1 12 19 15  3 25  9 18  5 21 11 14  2 20  4 22  8
 19  8 16  4 25 20 18  2  9 14 11 22 24  1  6 17 10 15 23  7 21  3 13 12  5
 14 15 18 19 22 21  4 17 11  5 16 13  8  6 24 25 12 23  3 10  1  2 20  7  9
 17 24  4 25 21 18  9 14 22  8 23 12 15 20  7 11 19  1  2 13 10 16  3  5  6
  2 11  9  3  6 25 16 20 12  1 17 18 22 10 23  8 21  7 15  5 19 13 14 24  4
  1 10 20  8  2 23  7  3 13  6  5  9 16 19 21 24 22  4 14 17 25 15 12 18 11
  4 14  1 12  7 24  2 19 15 10 13 25 11  5  3  6  9 18 20 16  8 23 21 17 22
 22  6 12 18 13  1 23  4 19 16 24  7  5  9 14  3 17 25  8 20 11 10  2 21 15
 24 19 23 20 14  8  3 12  5  2 22 21  1 18 11 16 13 10  4 15 17  9  6 25  7
 15 21  2 16 10  9 20 11 14 17 25  6  4  3 12 23  7 22 24  1 13  5 19  8 18
 20  7  8  5  3 15 24  6 18 25  4 10 17 13 19  2 11  9 12 21 14 22 16  1 23
 23  1 17 11  9  7 22 10 21 13 15  8  2 16 25  5 14  6 19 18 12  4 24  3 20
